g21zX3Ntc19zbXNfc21zX/yteUv7GlMVG7nXSDXsUuAg	3	1.1792094e-08	1.2857087e-08	9.280682e-09	1.0
g21zX3Ntc19zbXNfc21zX+feBNKEcClpBku1by1VSAMg	3	4.8221342e-09	5.6031384e-09	4.2835073e-09	1.0
g21zX3Ntc19zbXNfc21zXyhYah5QQgQRC4mrVC49FmIg	3	1.2920136e-09	1.3952849e-09	1.0929868e-09	1.0
g21zX3Ntc19zbXNfc21zXz/nEPP3u+Okz+CWPHkquvsg	3	1.9811035e-09	2.238441e-09	1.5644402e-09	1.0
g21zX3Ntc19zbXNfc21zX5EbJAiPsqVSXBAkLyuFfy8g	3	1.8524934e-09	1.8680806e-09	1.5641777e-09	1.0
g21zX3Ntc19zbXNfc21zX7bSRNFCvMvL5l66yaMdjcwg	3	9.33616e-10	1.0093679e-09	7.7528467e-10	1.0
g21zX3Ntc19zbXNfc21zXz6zQu/VvBeuTwoHnZIoC1Mg	3	1.8748771e-09	2.1381363e-09	1.5514843e-09	1.0
g21zX3Ntc19zbXNfc21zX/+rMpIRX4KV8Hi9/6bVGvQg	3	2.192455e-09	1.9937112e-09	1.5399801e-09	1.0
g21zX3Ntc19zbXNfc21zX5oQMt8apERkk3CIW09JjBcg	3	5.094823e-08	5.135115e-08	3.7879932e-08	0.9999999
g21zX3Ntc19zbXNfc21zX5RyuRk/oYY/HYhWrgamfQQg	3	1.1598512e-09	1.2154766e-09	1.002717e-09	1.0
g21zX3Ntc19zbXNfc21zX7PG42wcuix2DfQfJwAPYKgg	3	1.565915e-09	1.5670085e-09	1.2461628e-09	1.0
g21zX3Ntc19zbXNfc21zX/KqtbEna0BqeGi/ACwq+Pgg	3	2.5323046e-09	3.0059932e-09	2.0263866e-09	1.0
g21zX3Ntc19zbXNfc21zX1tjiPRun6kvuVy1oTmWnOAg	3	1.2957401e-09	1.4211011e-09	1.1124902e-09	1.0
g21zX3Ntc19zbXNfc21zX8iUfTpdyXRhNlsFIhROSpEg	3	1.7379056e-08	1.5982389e-08	1.2242816e-08	1.0
g21zX3Ntc19zbXNfc21zX4kxFpA/Jowe5Z+e7Tj1AN0g	3	4.901623e-09	5.0215094e-09	3.7084105e-09	1.0
g21zX3Ntc19zbXNfc21zXwoNMRlIWX13cvVm7zNdaHAg	3	4.5294057e-09	4.85422e-09	3.3678567e-09	1.0
g21zX3Ntc19zbXNfc21zX0hLjaC82/HdO4UCPxtLRQcg	3	1.7713166e-09	1.9373534e-09	1.4930898e-09	1.0
g21zX3Ntc19zbXNfc21zXz3gDn0QeTv0l3K73/JCfSwg	3	1.34676625e-08	1.3576967e-08	1.0010474e-08	1.0
g21zX3Ntc19zbXNfc21zXxS3GBCSSIXmtLzu5tXFzwcg	3	1.3246624e-09	1.5716061e-09	1.1438444e-09	1.0
g21zX3Ntc19zbXNfc21zX5xXFbfja0ufRVxvd9wcXF4g	3	8.732906e-09	7.9119165e-09	6.3266787e-09	1.0
